DATE: 2025-Jul-23 00:00
RA: 302.24332
DEC: -20.13502
DISTANCE: 1.0159259892499
