DATE: 2025-Jul-24 00:00
RA: 303.23636
DEC: -19.92952
DISTANCE: 1.01584204682143
